<?xml version="1.0" ?>
<StructBlockCam>
     <KeyIm2TimeCam>Loc-Assoc-Im2Block</KeyIm2TimeCam>
     <LiaisonsSHC>
          <ParamOrientSHC>
               <IdGrp>023</IdGrp>
               <Vecteur>3.46944695195361419e-18 -1.98254111540206514e-18 9.9127055770103257e-19</Vecteur>
               <Rot>
                    <L1>1 -5.66882850185278022e-18 -5.26612483778673541e-19</L1>
                    <L2>5.66882850185278022e-18 1 -1.49263792873801476e-36</L2>
                    <L3>5.26612483778673541e-19 -1.49263792873801476e-36 1</L3>
                    <TrueRot>true</TrueRot>
               </Rot>
          </ParamOrientSHC>
          <ParamOrientSHC>
               <IdGrp>024</IdGrp>
               <Vecteur>0.38559469709528732 0.0020872622333473023 0.0093256498863654412</Vecteur>
               <Rot>
                    <L1>0.999844417883932413 -0.00655235566325933477 0.0163770162606777653</L1>
                    <L2>0.00682199423866486528 0.999841199495000055 -0.0164631766985364469</L2>
                    <L3>-0.0162665429931492835 0.016572339233245359 0.999730342218035473</L3>
                    <TrueRot>true</TrueRot>
               </Rot>
          </ParamOrientSHC>
          <ParamOrientSHC>
               <IdGrp>025</IdGrp>
               <Vecteur>0.386191573934349441 -0.231683872215666276 -0.129764275688057346</Vecteur>
               <Rot>
                    <L1>-0.999883576179378064 0.000755375443171127153 0.0152401933937125807</L1>
                    <L2>-0.0138174653562203702 -0.468574289102454744 -0.883316032483990932</L2>
                    <L3>0.00647392754574504289 -0.883423774300912235 0.468530173267489192</L3>
                    <TrueRot>true</TrueRot>
               </Rot>
          </ParamOrientSHC>
          <ParamOrientSHC>
               <IdGrp>026</IdGrp>
               <Vecteur>0.00133487135743913564 -0.224217888956316308 -0.132000976206572945</Vecteur>
               <Rot>
                    <L1>-0.999765229559670843 -0.00992799124299919948 0.0192593030345750427</L1>
                    <L2>-0.0120356267171497031 -0.484663242367228353 -0.874618022446147947</L2>
                    <L3>0.0180174763222847728 -0.874644485770055158 0.484429968167754577</L3>
                    <TrueRot>true</TrueRot>
               </Rot>
          </ParamOrientSHC>
     </LiaisonsSHC>
</StructBlockCam>