[{"orientation": 3, "version": 2, "position": [-0.45828071255033204, 0.0483492373714346, 0.9460928095897888], "rotation": [-0.0030345920612989035, 0.9999937170162668, 0.0018322606288356104, 0.0021504917781640332, 0.0018387907128658923, -0.9999959971089016, -0.9999930832941464, -0.0030306396527395893, -0.0021560582463588255], "size": [2558, 2958], "id": "0", "projection": [1238.1599805106075, 0, 1284.625629552678, 0, 1238.1599805106075, 1486.828575136601, 0, 0, 1]}, {"orientation": 3, "version": 2, "position": [-0.4580834818938185, 0.04797182878861511, 0.9459189691106666], "rotation": [0.9502371102507146, 0.31152044018920155, -0.002109418568562479, -0.0003547490115740427, -0.0056891567744328875, -0.9999837536921962, -0.3115273799451825, 0.950222420720287, -0.005295536324858153], "size": [2558, 2958], "id": "1", "projection": [1239.7743749596118, 0, 1267.695716474756, 0, 1239.7743749596118, 1494.9400162747318, 0, 0, 1]}, {"orientation": 3, "version": 2, "position": [-0.38516879372290314, 0.042269402113528864, 0.9308213055535379], "rotation": [0.5899828919499907, -0.8073769843004377, 0.007911537667010273, 0.0006881804282699629, -0.009295755800037803, -0.9999565567222429, 0.8074154529200094, 0.5899627057247236, -0.0049287158509360145], "size": [2558, 2958], "id": "2", "projection": [1240.8471961567184, 0, 1275.6859128327126, 0, 1240.8471961567184, 1480.6878899907015, 0, 0, 1]}, {"orientation": 3, "version": 2, "position": [-0.38521718371693114, -0.034457675309307545, 0.9301333882061591], "rotation": [-0.5853599643086721, -0.81072143171996, 0.009190883226783004, -0.003941684845516497, -0.008490186388208238, -0.9999561889681329, 0.8107639454891472, -0.585370546649754, 0.0017742068198295438], "size": [2558, 2958], "id": "3", "projection": [1242.8029217095125, 0, 1286.1462430655138, 0, 1242.8029217095125, 1487.5887005094014, 0, 0, 1]}, {"orientation": 3, "version": 2, "position": [-0.45822171704426085, 0.04850424818366933, 0.945997315883366], "rotation": [-0.9525379367567184, 0.3043049399775465, 0.008365557035607495, -0.005760044528459466, 0.009458877262817992, -0.9999386738835323, -0.3043654069145906, -0.9525277072852993, -0.007257129427458834], "size": [2558, 2958], "id": "4", "projection": [1239.4138774062094, 0, 1296.2695971333867, 0, 1239.4138774062094, 1470.6982983678, 0, 0, 1]}, {"orientation": 3, "version": 2, "position": [-0.45791998904096065, 0.04837642043060799, 0.9464007510123305], "rotation": [-0.003730410855356217, -0.9999903290100103, -0.002329360706638926, 0.9999929358095637, -0.0037314737967360538, 0.000452144085623, -0.0004608316613820437, -0.0023276575683861063, 0.9999971848182495], "size": [2558, 2958], "id": "5", "projection": [1241.7245030636716, 0, 1288.7088703949053, 0, 1241.7245030636716, 1507.5892346575176, 0, 0, 1]}]